0 0 0 0 0 0 0 0 0 0 0 0 3 6 7 7 0 0 0 8 14 10 2 1 0 0 0 0 7 2 0 0 0 0 0 0 0 8 6 0 0 0 0 0 4 13 6 0 0 0 3 10 13 3 0 0 0 0 3 3 1 0 0 0 0
1 0 0 0 0 0 0 0 0 0 0 0 0 11 8 0 0 0 0 0 9 13 10 3 0 0 0 6 8 1 5 8 0 0 1 11 0 0 7 5 0 0 2 10 2 8 4 0 0 0 1 12 13 4 0 0 0 0 0 0 0 0 0 0 0
2 0 0 0 0 0 0 0 0 0 1 0 0 0 1 3 0 0 7 0 0 0 6 4 0 2 7 0 0 1 11 0 0 1 7 6 6 5 9 0 0 0 0 0 0 2 6 0 0 0 0 0 0 2 8 0 0 0 0 0 0 0 2 0 0
3 0 0 0 0 0 0 0 0 0 0 0 0 0 9 1 0 0 0 0 0 5 10 0 0 0 0 0 0 11 1 0 0 0 0 0 8 5 0 0 0 0 0 1 13 0 0 0 0 0 0 6 8 0 0 0 0 0 0 1 2 0 0 0 0
4 0 0 0 0 0 0 0 0 0 0 0 0 0 0 0 0 0 0 0 7 10 10 0 0 0 0 9 5 8 5 0 0 0 0 9 8 10 0 0 0 0 0 0 1 8 0 0 0 0 0 0 1 8 0 0 0 0 0 0 0 6 0 0 0
5 0 0 0 0 0 0 0 0 0 0 0 0 5 3 0 0 0 0 1 11 9 11 0 0 0 0 1 4 3 10 0 0 0 0 5 8 13 9 2 0 0 6 11 9 3 2 8 1 0 4 7 2 0 0 0 0 0 0 0 0 0 0 0 0
6 0 0 0 0 0 0 0 0 0 0 0 7 4 0 0 0 0 0 0 7 5 0 0 0 0 0 0 4 9 0 0 0 0 0 0 4 10 0 0 0 0 0 0 1 14 0 0 0 0 0 0 0 12 1 0 0 0 0 0 0 0 0 0 0
7 0 0 0 0 0 0 0 0 0 0 0 5 10 9 1 0 0 0 2 10 8 15 5 0 0 0 0 3 8 13 1 0 0 0 3 8 10 6 0 0 0 2 2 0 9 6 0 0 0 7 13 12 9 1 0 0 0 0 3 1 0 0 0 0
8 0 0 0 0 0 0 0 0 0 0 0 2 2 0 0 0 0 0 0 4 4 0 0 0 0 0 0 3 6 0 0 0 0 0 0 2 7 0 0 0 0 0 0 0 8 0 0 0 0 0 0 0 7 0 0 0 0 0 0 0 2 0 0 0
9 0 0 0 0 0 0 0 0 0 0 0 0 0 1 10 0 0 0 0 4 0 6 5 0 0 0 0 8 2 10 0 0 0 1 10 10 13 3 0 0 0 1 0 6 3 0 0 0 0 0 0 8 0 0 0 0 0 0 0 0 0 0 0 0
10 0 0 0 0 0 0 0 0 0 0 0 10 11 0 0 0 0 0 0 7 15 1 0 0 0 0 0 7 15 2 0 0 0 0 0 3 10 4 0 0 0 1 5 1 11 1 0 0 0 0 9 13 7 0 0 0 0 0 0 0 0 0 0 0
11 0 0 0 0 0 0 0 0 0 0 0 0 0 0 0 0 0 0 0 0 2 8 11 4 0 0 0 3 5 2 0 0 0 0 3 7 2 0 0 0 0 2 11 10 1 0 0 0 0 0 0 0 0 0 0 0 0 0 0 0 0 0 0 0
12 0 0 0 0 0 0 0 0 1 7 9 8 5 0 0 0 1 6 4 4 13 2 0 0 0 0 0 9 11 1 0 0 0 0 0 3 8 14 5 0 0 0 4 0 1 14 6 0 0 0 11 9 13 10 0 0 0 0 0 2 2 0 0 0
13 0 0 0 0 3 2 0 0 0 0 0 3 11 0 0 0 0 0 0 9 2 0 0 0 0 0 4 9 5 9 1 0 0 0 10 6 8 9 2 0 0 0 11 11 11 0 0 0 0 0 2 4 1 0 0 0 0 0 0 0 0 0 0 0
14 0 0 0 0 0 0 0 0 0 0 0 4 1 0 0 0 0 0 0 5 3 0 0 0 0 0 0 4 5 0 0 0 0 0 0 4 5 0 0 0 0 0 0 4 5 0 0 0 0 0 0 3 6 0 0 0 0 0 0 0 1 0 0 0
15 0 0 0 0 0 0 0 0 0 0 0 0 0 0 0 0 0 0 1 5 11 15 3 0 0 1 13 7 3 13 1 0 0 0 2 0 11 2 0 0 0 0 0 6 6 0 0 0 0 0 1 10 0 0 0 0 0 0 5 3 0 0 0 0
16 0 0 0 0 0 0 0 0 0 0 0 6 8 0 0 0 0 0 5 3 6 4 0 0 0 0 0 0 3 8 0 0 0 0 3 6 10 9 6 2 0 5 8 2 9 0 0 0 0 1 8 7 1 0 0 0 0 0 0 0 0 0 0 0
17 0 0 0 0 0 0 0 0 0 0 0 0 1 4 3 0 0 0 0 9 10 13 2 0 0 0 0 10 9 5 0 0 0 0 1 11 8 0 0 0 0 0 10 6 6 0 0 0 0 0 12 10 1 0 0 0 0 0 2 1 0 0 0 0
18 0 0 0 0 1 1 0 0 0 0 0 0 7 1 0 0 0 0 0 5 1 0 0 0 0 0 0 6 3 1 0 0 0 0 1 5 2 6 0 0 0 0 1 4 1 6 0 0 0 0 0 5 6 0 0 0 0 0 0 0 0 0 0 0
19 0 0 0 0 0 0 0 0 0 0 0 0 0 0 0 0 0 0 0 4 12 7 0 0 0 0 0 9 5 6 0 0 0 0 0 4 9 0 0 0 0 0 0 4 4 0 0 0 0 0 0 9 0 0 0 0 0 0 5 2 0 0 0 0
20 0 0 0 0 0 0 0 0 1 3 0 0 1 7 0 0 2 14 2 0 3 12 0 0 0 9 10 1 8 10 0 0 0 2 15 13 11 13 0 0 0 0 3 0 4 15 1 0 0 0 0 0 0 10 5 0 0 0 0 0 0 0 0 0
21 0 0 0 0 0 0 0 0 0 0 0 0 4 13 3 0 0 0 0 7 15 10 6 0 0 0 9 8 8 6 6 0 0 6 9 0 0 6 5 0 0 8 10 3 7 9 0 0 0 0 8 14 6 0 0 0 0 0 0 0 0 0 0 0
22 0 0 0 0 0 0 0 0 0 0 0 0 2 3 0 0 0 0 0 2 6 7 0 0 0 0 0 6 4 6 0 0 0 0 1 8 9 0 0 0 0 0 0 5 2 0 0 0 0 0 0 6 0 0 0 0 0 0 0 3 0 0 0 0
23 0 0 0 0 0 0 0 0 0 0 0 0 0 8 1 0 0 0 0 0 5 11 0 0 0 0 0 1 11 2 0 0 0 0 0 8 6 0 0 0 0 0 1 12 0 0 0 0 0 0 6 7 0 0 0 0 0 0 1 1 0 0 0 0
24 0 0 0 0 2 0 0 0 0 0 0 0 11 0 0 0 0 0 0 2 12 0 0 0 0 0 6 7 10 0 0 0 0 0 0 0 8 0 0 0 0 0 6 11 10 9 2 0 0 1 8 1 0 0 0 0 0 0 0 0 0 0 0 0
25 0 0 0 0 0 0 0 0 0 0 2 9 13 8 1 0 0 0 8 7 5 15 7 0 0 0 0 2 12 10 1 0 0 0 5 11 4 0 0 0 0 3 15 7 8 13 12 0 0 0 8 14 10 5 2 0 0 0 0 0 0 0 0 0
26 0 0 0 0 0 0 0 0 0 0 0 0 0 2 0 0 0 0 2 3 4 3 0 0 0 0 4 3 7 2 0 0 0 0 0 5 9 1 0 0 0 0 0 0 6 0 0 0 0 0 0 1 6 0 0 0 0 0 0 1 2 0 0 0
27 0 0 0 0 0 0 0 0 0 0 3 7 9 6 0 0 0 3 11 10 13 15 9 0 0 0 0 6 13 12 2 0 0 0 0 3 9 13 1 0 0 3 2 1 8 13 0 0 0 11 15 14 13 5 0 0 0 1 4 3 0 0 0 0
28 0 0 0 0 0 0 0 0 0 6 10 9 5 2 0 0 0 13 12 14 15 13 3 0 0 0 0 0 3 14 7 0 0 0 0 1 10 9 0 0 0 0 0 12 7 0 0 0 0 0 1 14 14 12 8 0 0 0 0 1 3 2 1 0
29 0 0 0 0 0 0 0 0 0 0 0 0 0 0 0 0 0 0 0 0 4 5 0 0 0 0 3 8 7 11 0 0 0 0 0 4 9 0 0 0 0 0 2 11 0 0 0 0 0 0 4 2 0 0 0 0 0 0 0 0 0 0 0 0
30 0 0 0 0 0 0 0 0 0 0 0 0 0 0 0 0 2 9 11 10 9 0 0 0 1 1 0 6 11 2 0 0 0 0 0 4 7 8 5 0 0 0 0 2 8 7 9 0 0 0 0 0 6 7 1 0 0 0 0 0 0 0 0 0
31 0 0 0 0 0 0 0 0 0 0 0 1 9 6 1 0 0 0 0 3 9 8 8 0 0 0 0 4 13 10 5 0 0 0 4 12 6 0 0 0 0 2 11 8 5 0 0 0 0 6 12 12 1 0 0 0 0 0 4 2 0 0 0 0
32 0 0 0 0 5 0 0 0 0 0 0 4 4 0 0 0 0 0 0 7 0 0 0 0 0 0 0 7 0 0 0 0 0 0 1 5 6 10 3 0 0 0 0 9 7 7 0 0 0 0 0 3 3 0 0 0 0 0 0 0 0 0 0 0
33 0 0 0 0 0 0 0 0 0 0 0 0 0 0 0 0 0 0 0 4 11 13 1 0 0 0 0 8 9 11 1 0 0 0 0 1 10 1 0 0 0 0 0 7 3 0 0 0 0 0 2 8 0 0 0 0 0 1 6 1 0 0 0 0
34 0 0 0 0 0 0 0 0 0 0 0 0 9 7 0 0 0 0 0 5 14 14 2 0 0 0 0 13 4 13 2 0 0 0 4 11 4 12 1 0 0 0 7 9 12 3 0 0 0 0 5 15 8 0 0 0 0 0 0 2 0 0 0 0
35 0 0 0 0 0 0 0 0 0 0 0 0 0 0 4 1 0 0 0 0 8 10 7 1 0 0 0 6 6 0 0 0 0 0 1 4 7 0 0 0 0 7 5 7 3 0 0 0 0 2 4 1 0 0 0 0 0 0 0 0 0 0 0 0
36 0 0 0 0 2 0 0 0 0 0 0 2 14 0 0 0 0 0 0 8 8 0 0 0 0 0 0 13 3 0 0 0 0 0 1 15 12 10 1 0 0 0 1 13 14 14 2 0 0 0 0 2 8 4 0 0 0 0 0 0 0 0 0 0
37 0 0 0 0 0 0 0 0 0 0 0 0 10 6 0 0 0 0 0 4 15 14 1 0 0 0 3 12 5 13 6 0 0 0 12 6 1 12 1 0 0 0 13 9 13 3 0 0 0 0 9 13 5 0 0 0 0 0 0 0 0 0 0 0
38 0 0 0 0 0 0 0 0 0 0 0 0 0 0 0 0 0 5 10 11 10 1 0 0 0 0 0 0 8 1 0 0 0 0 5 7 12 7 5 1 0 0 5 1 7 0 0 0 0 0 0 0 6 0 0 0 0 0 0 0 0 0 0 0
39 0 0 0 0 0 0 0 0 0 0 0 3 9 0 0 0 0 0 0 10 4 0 0 0 0 0 1 10 3 9 0 0 0 0 5 6 9 10 0 0 0 0 3 13 14 7 0 0 0 0 0 5 5 0 0 0 0 0 0 0 0 0 0 0
40 0 0 0 0 0 0 0 0 0 0 0 0 6 0 0 0 0 0 0 0 10 0 0 0 0 0 0 2 9 0 0 0 0 0 0 4 7 0 0 0 0 0 0 4 6 0 0 0 0 0 0 6 4 0 0 0 0 0 0 1 1 0 0 0
41 0 0 0 0 0 0 0 0 0 0 0 1 6 7 3 0 0 0 0 10 9 11 0 0 0 0 0 10 10 4 0 0 0 0 0 9 10 0 0 0 0 0 6 6 8 0 0 0 0 0 7 12 6 0 0 0 0 0 0 0 0 0 0 0
42 0 0 0 0 0 0 0 0 0 0 0 0 0 0 0 0 0 0 0 6 11 0 0 0 0 0 5 2 7 0 0 0 0 0 0 0 6 0 0 0 0 0 0 0 6 0 0 0 0 0 0 2 4 0 0 0 0 0 0 4 2 0 0 0
43 0 0 0 0 0 0 0 0 0 0 0 0 5 2 0 0 0 0 0 6 8 7 0 0 0 0 0 9 9 1 0 0 0 0 0 1 9 0 0 0 0 0 0 4 5 0 0 0 0 0 0 8 1 0 0 0 0 0 0 4 0 0 0 0
44 0 0 0 0 0 0 0 0 0 1 2 1 0 0 0 0 0 1 8 9 10 0 0 0 0 0 0 2 7 0 0 0 0 0 0 6 6 4 0 0 0 0 0 0 3 7 0 0 0 0 0 0 8 1 0 0 0 0 0 3 2 0 0 0
45 0 0 0 0 0 0 0 0 0 0 0 0 0 0 0 0 0 0 0 8 11 11 0 0 0 0 9 4 9 6 0 0 0 0 8 8 9 1 0 0 0 0 0 0 8 0 0 0 0 0 0 4 5 0 0 0 0 0 0 7 0 0 0 0
46 0 0 0 0 0 0 0 0 0 0 0 1 7 2 0 0 0 0 4 8 10 8 0 0 0 0 7 4 6 2 0 0 0 0 0 7 6 0 0 0 0 0 2 7 5 2 0 0 0 0 2 6 7 1 0 0 0 0 0 3 2 0 0 0
47 0 0 0 0 0 0 0 0 0 0 0 0 0 3 5 2 0 0 0 0 8 12 10 4 0 0 2 7 0 0 0 0 0 0 2 9 6 0 0 0 0 0 3 2 9 0 0 0 0 3 14 12 3 0 0 0 0 0 0 0 0 0 0 0
48 0 0 0 0 0 0 0 0 0 0 0 8 0 0 0 0 0 0 2 8 5 0 0 0 0 0 1 8 7 0 0 0 0 0 0 0 7 0 0 0 0 0 0 0 6 2 0 0 0 0 0 8 10 2 0 0 0 0 0 0 3 0 0 0
49 0 0 0 0 0 0 0 0 0 0 0 5 10 6 1 0 1 0 1 11 12 15 4 0 0 0 0 10 11 3 0 0 0 0 0 2 9 4 0 0 0 1 3 1 7 6 0 0 0 3 14 13 9 1 0 0 0 0 2 1 0 0 0 0
50 0 0 0 0 0 0 0 0 0 0 4 8 9 0 0 0 0 0 0 0 7 0 0 0 0 0 0 6 9 3 0 0 0 0 0 0 0 7 0 0 0 0 4 0 3 7 0 0 0 0 5 11 8 0 0 0 0 0 0 0 0 0 0 0
51 0 0 0 0 0 0 0 0 0 0 0 2 9 10 2 0 0 0 3 13 15 14 7 0 0 1 13 7 2 10 7 0 0 6 10 0 0 9 7 0 0 8 8 0 2 14 3 0 0 6 15 10 13 4 0 0 0 0 4 4 2 0 0 0
52 0 0 0 0 0 0 0 0 0 0 0 0 0 0 0 0 0 4 11 12 13 8 1 0 0 3 11 3 2 12 5 0 0 0 0 0 4 10 0 0 0 0 0 0 11 1 0 0 0 0 0 4 9 0 0 0 0 0 0 6 7 0 0 0
53 0 0 0 0 0 0 0 0 0 0 0 0 0 0 0 0 0 0 0 1 7 3 1 0 0 0 0 9 8 0 1 0 0 0 0 6 9 6 3 0 0 0 0 6 1 0 0 0 0 0 0 6 0 0 0 0 0 0 3 1 0 0 0 0
54 0 0 0 0 0 0 0 0 0 0 0 0 0 0 0 0 0 0 7 11 3 4 9 0 0 3 8 3 7 12 2 0 0 0 2 4 10 2 0 0 0 0 0 1 8 0 0 0 0 0 0 5 4 0 0 0 0 0 0 3 2 0 0 0
55 0 0 0 0 0 0 0 0 0 0 0 0 4 2 4 0 0 0 0 9 9 15 10 0 0 0 2 9 8 11 0 0 0 0 0 7 11 0 0 0 0 0 3 9 6 0 0 0 0 0 11 5 7 0 0 0 0 0 6 6 1 0 0 0
56 0 0 0 0 0 0 0 0 0 0 0 6 6 2 0 0 0 0 6 15 14 14 2 0 0 1 13 9 1 7 9 0 0 4 13 0 0 0 12 0 0 3 14 4 0 3 12 0 0 0 4 13 10 12 2 0 0 0 0 1 4 1 0 0
57 0 0 0 0 0 0 0 0 0 0 0 0 0 0 0 0 0 0 0 4 10 10 0 0 0 0 3 6 6 6 0 0 0 0 2 8 11 1 0 0 0 0 0 2 6 0 0 0 0 0 0 8 0 0 0 0 0 0 2 4 0 0 0 0
58 0 0 0 0 0 0 0 0 0 0 1 0 4 5 0 0 0 1 14 0 8 9 0 0 0 2 15 5 10 8 0 0 0 3 10 10 13 7 0 0 0 0 0 0 9 9 0 0 0 0 0 0 11 8 0 0 0 0 0 0 2 0 0 0
59 0 0 0 0 0 0 0 0 0 0 0 0 1 14 0 0 0 0 0 0 7 8 0 0 0 0 0 1 11 0 0 0 0 0 0 9 4 0 0 0 0 0 2 10 0 0 0 0 0 0 5 10 0 0 0 0 0 0 0 0 0 0 0 0
60 0 0 0 0 0 0 0 0 0 0 2 1 0 4 0 0 0 1 13 2 0 10 5 0 0 11 6 0 0 6 9 0 0 12 8 9 10 11 12 0 0 0 3 2 0 4 7 0 0 0 0 0 0 1 2 0 0 0 0 0 0 0 0 0
61 0 0 0 0 0 0 0 0 0 0 0 0 0 2 1 0 0 0 0 1 1 11 0 0 0 0 0 9 8 1 0 0 0 0 4 11 9 3 0 0 0 0 0 7 0 0 0 0 0 0 4 4 0 0 0 0 0 0 2 1 0 0 0 0
62 0 0 0 0 0 0 0 0 0 0 0 0 11 8 0 0 0 0 0 6 8 3 0 0 0 0 1 12 3 1 0 0 0 0 4 14 8 13 0 0 0 0 4 10 7 9 0 0 0 0 0 10 11 1 0 0 0 0 0 0 0 0 0 0
63 0 0 0 0 0 0 0 0 0 0 0 1 8 3 0 0 0 0 0 11 15 14 2 0 0 0 6 13 13 11 9 0 0 5 15 6 1 7 10 0 0 11 5 2 5 11 1 0 0 9 12 9 9 1 0 0 0 0 4 3 0 0 0 0
64 0 0 0 0 0 0 0 0 0 0 0 5 2 0 4 0 0 0 0 9 0 1 10 0 0 0 5 6 0 8 4 0 0 3 10 3 7 10 0 0 0 2 11 9 9 2 0 0 0 0 0 0 9 0 0 0 0 0 0 0 2 0 0 0
65 0 0 0 0 0 0 0 0 0 0 0 0 0 0 0 0 0 0 0 0 0 4 8 5 0 0 0 8 8 3 2 0 0 0 0 9 2 0 0 0 0 4 7 9 1 0 0 0 0 0 4 2 0 0 0 0 0 0 0 0 0 0 0 0
66 0 0 0 0 1 4 0 0 0 0 0 0 10 3 0 0 0 0 0 4 8 0 0 0 0 0 1 12 6 5 0 0 0 0 8 8 2 13 2 0 0 0 8 9 11 4 0 0 0 0 0 5 1 0 0 0 0 0 0 0 0 0 0 0
67 0 0 0 0 0 0 0 0 0 0 0 2 2 2 0 0 0 0 0 0 9 5 0 0 0 0 0 3 9 1 0 0 0 0 0 7 6 1 0 0 0 0 0 9 1 2 0 0 0 0 0 9 0 0 0 0 0 0 0 1 0 0 0 0
68 0 0 0 0 0 0 0 0 0 0 1 8 10 1 0 0 0 2 10 1 4 9 4 0 0 8 1 0 0 0 7 2 0 8 1 0 0 0 2 4 0 1 10 1 0 0 7 2 0 0 1 8 8 9 4 0 0 0 0 0 0 0 0 0
69 0 0 0 0 0 0 0 0 0 0 0 5 10 3 0 0 0 0 2 14 15 10 0 0 0 0 2 13 6 15 2 0 0 0 9 7 2 15 2 0 0 0 11 5 5 11 0 0 0 0 6 14 15 6 0 0 0 0 0 3 2 0 0 0
70 0 0 0 0 1 0 0 0 0 0 0 8 8 0 0 0 0 0 3 13 6 0 0 0 0 0 0 4 6 0 0 0 0 0 0 5 4 3 0 0 0 0 0 8 12 11 0 0 0 0 0 8 6 0 0 0 0 0 0 0 0 0 0 0
71 0 0 0 0 0 0 0 0 0 0 0 0 0 0 0 0 0 0 0 2 7 10 2 0 0 0 7 10 6 12 1 0 0 0 0 0 8 1 0 0 0 0 0 7 2 0 0 0 0 0 2 7 0 0 0 0 0 1 8 0 0 0 0 0
72 0 0 0 0 0 0 0 0 0 0 0 4 3 0 0 0 0 0 0 2 6 0 0 0 0 0 0 1 7 0 0 0 0 0 0 3 6 0 0 0 0 0 0 5 4 0 0 0 0 0 0 6 1 0 0 0 0 0 0 0 0 0 0 0
73 0 0 0 0 4 0 0 0 0 0 0 0 9 0 0 0 0 0 0 3 6 0 0 0 0 0 0 9 7 10 2 0 0 0 5 10 5 8 1 0 0 0 6 13 12 4 0 0 0 0 0 5 2 0 0 0 0 0 0 0 0 0 0 0
74 0 0 0 0 0 0 0 0 0 0 3 9 4 0 0 0 0 0 6 8 11 0 0 0 0 0 0 9 11 0 0 0 0 0 0 2 9 5 0 0 0 0 1 1 6 7 0 0 0 0 2 11 11 0 0 0 0 0 0 3 1 0 0 0
75 0 0 0 0 0 0 0 0 0 0 0 0 8 6 0 0 0 0 0 5 15 14 1 0 0 0 1 10 7 14 1 0 0 0 11 3 0 11 2 0 0 2 11 0 5 10 0 0 0 0 12 12 10 0 0 0 0 0 0 2 0 0 0 0
76 0 0 0 0 0 0 0 0 0 0 4 9 10 0 0 0 0 7 9 3 9 4 0 0 0 0 0 2 11 0 0 0 0 0 0 9 1 0 0 0 0 0 3 9 1 0 2 1 0 0 0 8 11 9 6 1 0 0 0 0 0 0 0 0
77 0 0 0 0 0 0 0 0 0 0 0 0 3 7 0 0 0 0 0 0 11 5 0 0 0 0 0 2 11 0 0 0 0 0 0 9 4 0 0 0 0 0 0 12 0 0 0 0 0 0 3 8 0 0 0 0 0 0 1 2 0 0 0 0
78 0 0 0 0 0 0 0 0 0 0 0 0 9 3 0 0 0 0 0 0 9 6 0 0 0 0 0 0 13 3 0 0 0 0 0 5 11 0 0 0 0 0 0 13 3 0 0 0 0 0 4 10 0 0 0 0 0 0 0 0 0 0 0 0
79 0 0 0 0 0 0 0 0 0 0 0 0 0 0 0 0 0 0 0 2 9 14 2 0 0 1 8 10 10 11 0 0 0 0 0 2 9 0 0 0 0 0 0 9 2 0 0 0 0 0 6 7 0 0 0 0 0 0 8 0 0 0 0 0
80 0 0 0 0 0 0 0 0 0 0 0 9 10 2 0 0 0 0 2 9 1 7 0 0 0 0 0 9 8 12 0 0 0 0 6 1 0 8 0 0 0 0 6 5 1 11 0 0 0 0 1 10 11 3 0 0 0 0 0 0 0 0 0 0
81 0 0 0 0 0 0 0 0 0 0 0 1 10 10 1 0 0 0 0 10 13 11 1 0 0 0 2 14 2 13 1 0 0 0 9 5 1 12 0 0 0 1 12 1 8 6 0 0 0 0 12 15 11 0 0 0 0 0 0 3 1 0 0 0
82 0 0 0 2 1 0 0 0 0 0 4 14 13 2 0 0 0 0 3 8 4 10 0 0 0 0 0 0 0 11 1 0 0 0 8 12 12 13 3 0 0 2 15 8 10 13 7 0 0 0 9 10 10 2 0 0 0 0 0 0 0 0 0 0
83 0 0 0 0 3 0 0 0 0 0 0 0 9 0 0 0 0 0 0 7 3 0 0 0 0 0 1 8 7 9 5 0 0 0 9 3 7 4 5 0 0 0 11 8 12 6 0 0 0 0 2 5 1 0 0 0 0 0 0 0 0 0 0 0
84 0 0 0 0 0 0 0 0 0 0 0 0 0 0 0 0 0 10 10 8 9 8 0 0 0 0 0 0 1 10 0 0 0 0 0 0 7 3 0 0 0 0 0 0 9 0 0 0 0 0 0 2 7 0 0 0 0 0 0 3 5 0 0 0
85 0 0 0 0 0 0 0 0 0 0 0 3 9 3 3 0 0 0 0 7 2 14 4 0 0 0 0 7 11 5 0 0 0 0 1 6 8 0 0 0 0 0 7 2 6 0 0 0 0 0 11 6 5 0 0 0 0 0 3 2 0 0 0 0
86 0 0 0 0 0 0 0 0 0 1 5 4 0 0 0 0 2 8 5 9 5 0 0 0 0 0 0 9 9 1 0 0 0 0 0 0 2 10 2 0 0 0 0 0 0 3 8 0 0 0 0 3 2 6 6 0 0 0 0 1 4 4 0 0
87 0 0 0 0 0 0 0 0 0 0 0 0 0 0 0 0 0 0 1 9 13 13 3 0 0 0 7 7 5 11 1 0 0 0 7 10 12 2 0 0 0 0 0 3 7 0 0 0 0 0 0 9 1 0 0 0 0 0 4 4 0 0 0 0
88 0 0 0 0 0 0 0 0 0 0 1 11 10 1 0 0 0 0 9 9 9 11 0 0 0 1 13 1 0 6 8 0 0 2 12 0 0 2 10 0 0 0 13 0 0 10 4 0 0 0 8 10 11 6 0 0 0 0 0 0 0 0 0 0
89 0 0 0 0 0 0 0 0 0 0 0 0 0 0 5 0 0 0 0 7 0 4 12 0 0 0 6 7 1 12 2 0 0 5 11 8 11 5 0 0 0 0 0 4 5 0 0 0 0 0 1 8 0 0 0 0 0 0 2 2 0 0 0 0
90 0 0 0 0 1 5 0 0 0 0 0 1 11 4 0 0 0 0 0 11 2 0 0 0 0 0 7 7 1 5 1 0 0 0 12 9 6 11 4 0 0 0 6 14 12 7 0 0 0 0 0 3 3 0 0 0 0 0 0 0 0 0 0 0
91 0 0 0 0 0 0 0 0 0 0 0 0 0 0 0 0 0 0 0 3 9 8 2 0 0 6 10 11 8 15 3 0 0 1 0 0 7 6 0 0 0 0 0 4 7 0 0 0 0 0 1 10 0 0 0 0 0 3 6 1 0 0 0 0
92 0 0 0 0 0 0 0 0 0 0 0 0 0 4 0 0 0 0 3 3 1 7 0 0 0 0 5 2 2 6 0 0 0 0 6 7 8 4 0 0 0 0 0 0 4 3 0 0 0 0 0 0 4 3 0 0 0 0 0 0 1 1 0 0
93 0 0 0 0 2 1 0 0 0 0 0 1 12 1 0 0 0 0 0 7 4 0 0 0 0 0 1 10 8 9 0 0 0 0 7 8 6 9 1 0 0 0 8 7 11 4 0 0 0 0 3 10 4 0 0 0 0 0 0 0 0 0 0 0
94 0 0 0 0 0 0 0 0 0 0 0 1 8 5 0 0 0 0 2 10 3 11 1 0 0 0 2 11 5 8 0 0 0 0 0 6 10 0 0 0 0 0 2 10 9 0 0 0 0 0 8 10 5 0 0 0 0 0 1 3 0 0 0 0
95 0 0 0 0 0 0 0 0 0 0 0 3 14 4 0 0 0 0 0 12 12 13 0 0 0 0 5 12 3 14 0 0 0 0 12 4 0 12 0 0 0 0 14 4 9 6 0 0 0 0 12 15 10 0 0 0 0 0 0 0 0 0 0 0
96 0 0 0 0 0 0 0 0 0 0 0 0 0 0 0 0 0 0 2 7 13 9 0 0 0 0 3 3 7 3 0 0 0 0 0 0 9 0 0 0 0 0 0 3 7 0 0 0 0 0 0 6 3 0 0 0 0 0 0 6 2 0 0 0
97 0 0 0 0 0 0 0 0 0 0 0 2 5 3 4 0 0 0 0 10 7 10 6 0 0 0 0 9 6 9 0 0 0 0 0 9 10 0 0 0 0 0 7 5 9 0 0 0 0 0 12 9 5 0 0 0 0 0 2 2 0 0 0 0
98 0 0 0 0 0 0 0 0 0 0 0 8 6 0 0 0 0 0 5 5 9 0 0 0 0 0 0 6 10 0 0 0 0 0 0 2 5 6 0 0 0 0 0 0 4 7 0 0 0 0 0 9 11 1 0 0 0 0 0 4 1 0 0 0
99 0 0 0 0 0 0 0 0 0 0 0 0 4 3 0 0 0 0 0 0 8 4 0 0 0 0 0 0 10 0 0 0 0 0 0 3 7 0 0 0 0 0 0 8 1 0 0 0 0 0 2 7 0 0 0 0 0 0 1 0 0 0 0 0
